# AP density, Mean Throughput Mbps, Environment: home
0.0009 0.064311
0.0016 0.078223
0.0025 0.094904
0.0036 0.130874
0.0049 0.140633
0.0064 0.140645
0.0081 0.169506
0.0100 0.185124
0.0121 0.173161
0.0144 0.196808
0.0169 0.201403
0.0196 0.210265
0.0225 0.208247
0.0256 0.214357
0.0289 0.229519
0.0324 0.218662
0.0361 0.224261
0.0400 0.232943
0.0441 0.226885
0.0484 0.232744
0.0529 0.236870
0.0576 0.242044
0.0625 0.235988
0.0676 0.240474
0.0729 0.239248
0.0784 0.239204
0.0841 0.243932
0.0900 0.243486
0.0961 0.248880
0.1024 0.243613
0.1089 0.245635
0.1156 0.250923
0.1225 0.247854
0.1296 0.250101
0.1369 0.251419
0.1444 0.250882
0.1521 0.252747
