# AP density, Mean Throughput Mbps, Environment: home
0.0009 0.062046
0.0016 0.050576
0.0025 0.058114
0.0036 0.062246
0.0049 0.065871
0.0064 0.062479
0.0081 0.073533
0.0100 0.091019
0.0121 0.074624
0.0144 0.079963
0.0169 0.090019
0.0196 0.082414
0.0225 0.081313
0.0256 0.089483
0.0289 0.090524
0.0324 0.083542
0.0361 0.084714
0.0400 0.082640
0.0441 0.085064
0.0484 0.085780
0.0529 0.084610
0.0576 0.090375
0.0625 0.087274
0.0676 0.086286
0.0729 0.088257
0.0784 0.088352
0.0841 0.088285
0.0900 0.085152
0.0961 0.090656
0.1024 0.085362
0.1089 0.086912
0.1156 0.088556
0.1225 0.086264
0.1296 0.090129
0.1369 0.089571
0.1444 0.087633
0.1521 0.089538
