# AP density, Mean Throughput Mbps, Environment: home
0.0016 0.044540
0.0025 0.051067
0.0036 0.056085
0.0049 0.059875
0.0064 0.062763
0.0081 0.064799
0.0100 0.066460
0.0121 0.068330
0.0144 0.069550
0.0169 0.070583
0.0196 0.071630
0.0225 0.072308
0.0256 0.072799
0.0289 0.073514
0.0324 0.074496
0.0361 0.074597
0.0400 0.074770
0.0441 0.075817
0.0484 0.076157
0.0529 0.076669
0.0576 0.076633
0.0625 0.077413
0.0676 0.077052
0.0729 0.077666
0.0784 0.077745
0.0841 0.077947
0.0900 0.077846
0.0961 0.078756
0.1024 0.078785
