# AP density, Mean Throughput Mbps, Environment: home
0.0009 0.063724
0.0016 0.067273
0.0025 0.077915
0.0036 0.104956
0.0049 0.109086
0.0064 0.106627
0.0081 0.126953
0.0100 0.139073
0.0121 0.127175
0.0144 0.143200
0.0169 0.147805
0.0196 0.150557
0.0225 0.148585
0.0256 0.152664
0.0289 0.162115
0.0324 0.153754
0.0361 0.156986
0.0400 0.162481
0.0441 0.157306
0.0484 0.161623
0.0529 0.163777
0.0576 0.168039
0.0625 0.162630
0.0676 0.165388
0.0729 0.164384
0.0784 0.164162
0.0841 0.167607
0.0900 0.166771
0.0961 0.171708
0.1024 0.166949
0.1089 0.167926
0.1156 0.171574
0.1225 0.168925
0.1296 0.171209
0.1369 0.171081
0.1444 0.171268
0.1521 0.172656
