# AP density, Mean Throughput Mbps, Environment: los
0.0009 0.007220
0.0016 0.007220
0.0025 0.007220
0.0036 0.007220
0.0049 0.007220
0.0064 0.007220
0.0081 0.007220
0.0100 0.007220
0.0121 0.007220
0.0144 0.007220
0.0169 0.007220
0.0196 0.007220
0.0225 0.007220
0.0256 0.007220
0.0289 0.007220
0.0324 0.007220
0.0361 0.007220
0.0400 0.007220
0.0441 0.007220
0.0484 0.007220
0.0529 0.007220
0.0576 0.007220
0.0625 0.007220
0.0676 0.007220
0.0729 0.007220
0.0784 0.007220
0.0841 0.007220
0.0900 0.007220
0.0961 0.007220
0.1024 0.007220
0.1089 0.007220
0.1156 0.007220
0.1225 0.007220
0.1296 0.007220
0.1369 0.007220
0.1444 0.007220
0.1521 0.007220
