# AP density, Mean Throughput Mbps, Environment: los
0.0009 0.021660
0.0016 0.021660
0.0025 0.021660
0.0036 0.021660
0.0049 0.021660
0.0064 0.021660
0.0081 0.021660
0.0100 0.021660
0.0121 0.021660
0.0144 0.021660
0.0169 0.021660
0.0196 0.021660
0.0225 0.021660
0.0256 0.021660
0.0289 0.021660
0.0324 0.021660
0.0361 0.021660
0.0400 0.021660
0.0441 0.021660
0.0484 0.021660
0.0529 0.021660
0.0576 0.021660
0.0625 0.021660
0.0676 0.021660
0.0729 0.021660
0.0784 0.021660
0.0841 0.021660
0.0900 0.021660
0.0961 0.021660
0.1024 0.021660
0.1089 0.021660
0.1156 0.021660
0.1225 0.021660
0.1296 0.021660
0.1369 0.021660
0.1444 0.021660
0.1521 0.021660
