# AP density, Mean Throughput Mbps, Environment: mall
0.0016 0.049800
0.0025 0.053475
0.0036 0.056865
0.0049 0.058350
0.0064 0.060120
0.0081 0.061800
0.0100 0.062460
0.0121 0.063225
0.0144 0.063795
0.0169 0.064425
0.0196 0.064650
0.0225 0.064995
0.0256 0.065445
0.0289 0.065775
0.0324 0.066450
0.0361 0.066495
0.0400 0.066675
0.0441 0.067470
0.0484 0.067110
0.0529 0.067545
0.0576 0.067800
0.0625 0.067980
0.0676 0.067695
0.0729 0.068565
0.0784 0.068160
0.0841 0.068925
0.0900 0.068205
0.0961 0.067740
0.1024 0.069105
