# AP density, Mean Throughput Mbps, Environment: mall
0.0016 0.023624
0.0025 0.026180
0.0036 0.027357
0.0049 0.028180
0.0064 0.029219
0.0081 0.029342
0.0100 0.030006
0.0121 0.030447
0.0144 0.030873
0.0169 0.031212
0.0196 0.031234
0.0225 0.031566
0.0256 0.031624
0.0289 0.031884
0.0324 0.031761
0.0361 0.032129
0.0400 0.032136
0.0441 0.032504
0.0484 0.032591
0.0529 0.032555
0.0576 0.032815
0.0625 0.032865
0.0676 0.032584
0.0729 0.032721
0.0784 0.033017
0.0841 0.033017
0.0900 0.032967
0.0961 0.033039
0.1024 0.033154
