# AP density, Mean Throughput Mbps, Environment: mall
0.0016 0.063447
0.0025 0.071568
0.0036 0.079919
0.0049 0.089514
0.0064 0.090521
0.0081 0.087571
0.0100 0.090680
0.0121 0.098234
0.0144 0.099116
0.0169 0.099690
0.0196 0.109169
0.0225 0.108696
0.0256 0.111183
0.0289 0.113457
0.0324 0.111478
0.0361 0.111269
0.0400 0.114497
0.0441 0.116979
0.0484 0.118565
0.0529 0.118275
0.0576 0.121766
0.0625 0.121235
0.0676 0.121454
0.0729 0.122194
0.0784 0.121899
0.0841 0.121736
0.0900 0.123010
0.0961 0.124656
0.1024 0.123961
