# AP density, Mean Throughput Mbps, Environment: mall
0.0009 0.031216
0.0016 0.041373
0.0025 0.046905
0.0036 0.051967
0.0049 0.058027
0.0064 0.058924
0.0081 0.056899
0.0100 0.058904
0.0121 0.063641
0.0144 0.064598
0.0169 0.065301
0.0196 0.070774
0.0225 0.070560
0.0256 0.072477
0.0289 0.073665
0.0324 0.072841
0.0361 0.072324
0.0400 0.073760
0.0441 0.076116
0.0484 0.077168
0.0529 0.076934
0.0576 0.079004
0.0625 0.078809
0.0676 0.079037
0.0729 0.079252
0.0784 0.079278
0.0841 0.079367
0.0900 0.080067
0.0961 0.080665
0.1024 0.080592
0.1089 0.080620
0.1156 0.081288
0.1225 0.080545
0.1296 0.081410
0.1369 0.081055
0.1444 0.081617
0.1521 0.081563
