# AP density, Mean Throughput Mbps, Environment: mall
0.0016 0.052468
0.0025 0.061081
0.0036 0.069947
0.0049 0.078691
0.0064 0.082315
0.0081 0.080431
0.0100 0.084539
0.0121 0.089514
0.0144 0.092279
0.0169 0.091810
0.0196 0.099557
0.0225 0.098943
0.0256 0.102141
0.0289 0.103910
0.0324 0.103650
0.0361 0.102264
0.0400 0.105138
0.0441 0.107867
0.0484 0.110105
0.0529 0.110242
0.0576 0.114004
0.0625 0.113722
0.0676 0.114755
0.0729 0.114971
0.0784 0.115491
0.0841 0.115556
0.0900 0.116747
0.0961 0.117975
0.1024 0.117881
