# AP density, Mean Throughput Mbps, Environment: mall
0.0016 0.040519
0.0025 0.045356
0.0036 0.049038
0.0049 0.051536
0.0064 0.054042
0.0081 0.055818
0.0100 0.056785
0.0121 0.057558
0.0144 0.058251
0.0169 0.059442
0.0196 0.059796
0.0225 0.060424
0.0256 0.061045
0.0289 0.061421
0.0324 0.061904
0.0361 0.062258
0.0400 0.062395
0.0441 0.062727
0.0484 0.063038
0.0529 0.063442
0.0576 0.063247
0.0625 0.063839
0.0676 0.064200
0.0729 0.064193
0.0784 0.064330
0.0841 0.064301
0.0900 0.064886
0.0961 0.064525
0.1024 0.064908
