# AP density, Mean Throughput Mbps, Environment: mall
0.0009 0.023235
0.0016 0.027092
0.0025 0.027434
0.0036 0.028880
0.0049 0.035215
0.0064 0.032119
0.0081 0.030955
0.0100 0.031212
0.0121 0.037473
0.0144 0.036355
0.0169 0.037628
0.0196 0.039349
0.0225 0.039334
0.0256 0.039493
0.0289 0.039846
0.0324 0.039480
0.0361 0.039577
0.0400 0.039561
0.0441 0.040381
0.0484 0.041126
0.0529 0.040769
0.0576 0.041308
0.0625 0.041390
0.0676 0.041195
0.0729 0.041156
0.0784 0.041167
0.0841 0.041326
0.0900 0.041404
0.0961 0.042088
0.1024 0.041621
0.1089 0.041576
0.1156 0.041826
0.1225 0.041715
0.1296 0.041901
0.1369 0.041813
0.1444 0.041947
0.1521 0.042192
