# AP density, Mean Throughput Mbps, Environment: mall
0.0009 0.038552
0.0016 0.052587
0.0025 0.061517
0.0036 0.070147
0.0049 0.078896
0.0064 0.082086
0.0081 0.080561
0.0100 0.084731
0.0121 0.089674
0.0144 0.092068
0.0169 0.092038
0.0196 0.099511
0.0225 0.098913
0.0256 0.102011
0.0289 0.103928
0.0324 0.103489
0.0361 0.102210
0.0400 0.104714
0.0441 0.108146
0.0484 0.110026
0.0529 0.109939
0.0576 0.114291
0.0625 0.113758
0.0676 0.114472
0.0729 0.115123
0.0784 0.115060
0.0841 0.115227
0.0900 0.116581
0.0961 0.117686
0.1024 0.117860
0.1089 0.117787
0.1156 0.119193
0.1225 0.117890
0.1296 0.119543
0.1369 0.118863
0.1444 0.120043
0.1521 0.119843
