# AP density, Mean Throughput Mbps, Environment: home
0.0016 0.100878
0.0025 0.123897
0.0036 0.141991
0.0049 0.156259
0.0064 0.167929
0.0081 0.177390
0.0100 0.184470
0.0121 0.190831
0.0144 0.196147
0.0169 0.201267
0.0196 0.204625
0.0225 0.208307
0.0256 0.210817
0.0289 0.214100
0.0324 0.216073
0.0361 0.218506
0.0400 0.220767
0.0441 0.222564
0.0484 0.223620
0.0529 0.226008
0.0576 0.226561
0.0625 0.227733
0.0676 0.228866
0.0729 0.229190
0.0784 0.231202
0.0841 0.232531
0.0900 0.233959
0.0961 0.233931
0.1024 0.234584
