# AP density, Mean Throughput Mbps, Environment: mall
0.0016 0.049680
0.0025 0.053865
0.0036 0.056805
0.0049 0.058905
0.0064 0.060480
0.0081 0.061320
0.0100 0.062370
0.0121 0.063240
0.0144 0.063570
0.0169 0.064365
0.0196 0.065220
0.0225 0.065415
0.0256 0.066015
0.0289 0.065670
0.0324 0.066585
0.0361 0.066945
0.0400 0.066690
0.0441 0.066960
0.0484 0.067200
0.0529 0.067620
0.0576 0.067470
0.0625 0.067935
0.0676 0.068115
0.0729 0.068400
0.0784 0.068430
0.0841 0.068850
0.0900 0.068235
0.0961 0.068970
0.1024 0.068580
