# AP density, Mean Throughput Mbps, Environment: home
0.0016 0.078424
0.0025 0.099918
0.0036 0.119274
0.0049 0.133945
0.0064 0.146602
0.0081 0.157295
0.0100 0.165425
0.0121 0.173424
0.0144 0.179143
0.0169 0.183655
0.0196 0.188030
0.0225 0.192673
0.0256 0.196261
0.0289 0.198933
0.0324 0.202405
0.0361 0.204535
0.0400 0.206275
0.0441 0.209055
0.0484 0.210514
0.0529 0.213062
0.0576 0.214434
0.0625 0.215697
0.0676 0.217084
0.0729 0.218910
0.0784 0.219784
0.0841 0.220492
0.0900 0.222123
0.0961 0.222751
0.1024 0.222845
