# AP density, Mean Throughput Mbps, Environment: home
0.0016 0.092535
0.0025 0.106785
0.0036 0.116835
0.0049 0.124650
0.0064 0.131205
0.0081 0.135375
0.0100 0.139575
0.0121 0.141195
0.0144 0.143940
0.0169 0.147225
0.0196 0.149205
0.0225 0.149385
0.0256 0.151290
0.0289 0.153465
0.0324 0.153600
0.0361 0.155430
0.0400 0.156510
0.0441 0.157590
0.0484 0.158025
0.0529 0.158535
0.0576 0.160050
0.0625 0.159765
0.0676 0.160785
0.0729 0.162300
0.0784 0.162555
0.0841 0.161880
0.0900 0.162540
0.0961 0.162825
0.1024 0.163845
