# AP density, Mean Throughput Mbps, Environment: home
0.0016 0.044280
0.0025 0.051334
0.0036 0.056446
0.0049 0.059341
0.0064 0.062540
0.0081 0.065160
0.0100 0.066857
0.0121 0.068417
0.0144 0.069594
0.0169 0.070409
0.0196 0.071745
0.0225 0.072142
0.0256 0.072684
0.0289 0.073803
0.0324 0.074409
0.0361 0.074850
0.0400 0.074785
0.0441 0.075601
0.0484 0.075759
0.0529 0.076597
0.0576 0.076749
0.0625 0.076828
0.0676 0.077276
0.0729 0.077463
0.0784 0.078034
0.0841 0.078041
0.0900 0.077694
0.0961 0.078496
0.1024 0.078943
