# AP density, Mean Throughput Mbps, Environment: mall
0.0016 0.061437
0.0025 0.069292
0.0036 0.074749
0.0049 0.079413
0.0064 0.083637
0.0081 0.085578
0.0100 0.087426
0.0121 0.088612
0.0144 0.090239
0.0169 0.091665
0.0196 0.092366
0.0225 0.092881
0.0256 0.093969
0.0289 0.094235
0.0324 0.095122
0.0361 0.095711
0.0400 0.096089
0.0441 0.096459
0.0484 0.096794
0.0529 0.097581
0.0576 0.097471
0.0625 0.098497
0.0676 0.097539
0.0729 0.098204
0.0784 0.099162
0.0841 0.098927
0.0900 0.099178
0.0961 0.099664
0.1024 0.099953
