# AP density, Mean Throughput Mbps, Environment: home
0.0016 0.065774
0.0025 0.080727
0.0036 0.092799
0.0049 0.101622
0.0064 0.109405
0.0081 0.115614
0.0100 0.119989
0.0121 0.124437
0.0144 0.127902
0.0169 0.130357
0.0196 0.132473
0.0225 0.134920
0.0256 0.137101
0.0289 0.139057
0.0324 0.141122
0.0361 0.142205
0.0400 0.142942
0.0441 0.144516
0.0484 0.145772
0.0529 0.146487
0.0576 0.147346
0.0625 0.148183
0.0676 0.148530
0.0729 0.149757
0.0784 0.150292
0.0841 0.150934
0.0900 0.151187
0.0961 0.152306
0.1024 0.152320
