# AP density, Mean Throughput Mbps, Environment: mall
0.0016 0.051883
0.0025 0.060063
0.0036 0.067038
0.0049 0.072019
0.0064 0.076128
0.0081 0.078568
0.0100 0.080980
0.0121 0.082914
0.0144 0.084691
0.0169 0.085781
0.0196 0.086763
0.0225 0.087925
0.0256 0.089044
0.0289 0.090488
0.0324 0.090820
0.0361 0.091297
0.0400 0.091694
0.0441 0.092329
0.0484 0.092734
0.0529 0.093398
0.0576 0.093694
0.0625 0.093651
0.0676 0.094156
0.0729 0.094452
0.0784 0.094842
0.0841 0.095448
0.0900 0.095441
0.0961 0.095355
0.1024 0.095477
