# AP density, Mean Throughput Mbps, Environment: home
0.0016 0.101003
0.0025 0.124363
0.0036 0.142106
0.0049 0.156531
0.0064 0.167377
0.0081 0.177207
0.0100 0.184715
0.0121 0.191484
0.0144 0.196907
0.0169 0.200994
0.0196 0.205289
0.0225 0.207576
0.0256 0.211550
0.0289 0.213035
0.0324 0.216508
0.0361 0.218112
0.0400 0.220335
0.0441 0.222330
0.0484 0.224133
0.0529 0.224687
0.0576 0.226592
0.0625 0.228310
0.0676 0.229165
0.0729 0.229312
0.0784 0.231394
0.0841 0.231614
0.0900 0.233694
0.0961 0.233375
0.1024 0.234427
0.1089 0.236180
0.1156 0.235626
0.1225 0.237062
0.1296 0.237067
