# AP density, Mean Throughput Mbps, Environment: mall
0.0016 0.023790
0.0025 0.025580
0.0036 0.027205
0.0049 0.028035
0.0064 0.028829
0.0081 0.029595
0.0100 0.030021
0.0121 0.030555
0.0144 0.030815
0.0169 0.031010
0.0196 0.031306
0.0225 0.031479
0.0256 0.031515
0.0289 0.031291
0.0324 0.031826
0.0361 0.031862
0.0400 0.032201
0.0441 0.032057
0.0484 0.032519
0.0529 0.032555
0.0576 0.032454
0.0625 0.032772
0.0676 0.032916
0.0729 0.032735
0.0784 0.032764
0.0841 0.033104
0.0900 0.033089
0.0961 0.032945
0.1024 0.033183
