# AP density, Mean Throughput Mbps, Environment: mall
0.0016 0.039883
0.0025 0.045385
0.0036 0.048807
0.0049 0.051630
0.0064 0.053399
0.0081 0.054973
0.0100 0.056778
0.0121 0.057702
0.0144 0.058713
0.0169 0.059558
0.0196 0.059753
0.0225 0.060626
0.0256 0.061060
0.0289 0.061384
0.0324 0.061666
0.0361 0.061948
0.0400 0.062713
0.0441 0.062908
0.0484 0.063009
0.0529 0.063139
0.0576 0.063168
0.0625 0.063579
0.0676 0.063709
0.0729 0.064272
0.0784 0.064410
0.0841 0.064547
0.0900 0.064251
0.0961 0.064489
0.1024 0.064684
