# AP density, Mean Throughput Mbps, Environment: home
0.0016 0.091455
0.0025 0.106020
0.0036 0.117405
0.0049 0.124800
0.0064 0.130500
0.0081 0.133950
0.0100 0.138765
0.0121 0.142125
0.0144 0.144360
0.0169 0.146640
0.0196 0.148260
0.0225 0.150510
0.0256 0.151260
0.0289 0.153135
0.0324 0.154275
0.0361 0.155430
0.0400 0.155550
0.0441 0.156465
0.0484 0.157545
0.0529 0.158400
0.0576 0.159690
0.0625 0.160590
0.0676 0.160635
0.0729 0.161625
0.0784 0.160935
0.0841 0.162030
0.0900 0.162825
0.0961 0.163785
0.1024 0.163755
