# AP density, Mean Throughput Mbps, Environment: home
0.0016 0.044403
0.0025 0.051262
0.0036 0.056092
0.0049 0.059977
0.0064 0.062698
0.0081 0.065348
0.0100 0.066641
0.0121 0.068272
0.0144 0.069196
0.0169 0.070561
0.0196 0.071507
0.0225 0.072518
0.0256 0.073160
0.0289 0.073146
0.0324 0.074265
0.0361 0.074756
0.0400 0.075232
0.0441 0.075644
0.0484 0.075962
0.0529 0.076402
0.0576 0.076691
0.0625 0.077030
0.0676 0.077326
0.0729 0.077860
0.0784 0.077969
0.0841 0.078323
0.0900 0.078445
0.0961 0.078380
0.1024 0.078676
