# AP density, Mean Throughput Mbps, Environment: home
0.0016 0.077810
0.0025 0.100358
0.0036 0.119022
0.0049 0.134227
0.0064 0.146804
0.0081 0.156948
0.0100 0.165331
0.0121 0.172435
0.0144 0.179099
0.0169 0.184161
0.0196 0.188644
0.0225 0.193034
0.0256 0.195907
0.0289 0.198579
0.0324 0.201958
0.0361 0.205034
0.0400 0.207380
0.0441 0.209243
0.0484 0.210730
0.0529 0.213012
0.0576 0.213849
0.0625 0.215084
0.0676 0.216607
0.0729 0.217835
0.0784 0.219589
0.0841 0.219957
0.0900 0.221798
0.0961 0.221820
0.1024 0.223221
