# AP density, Mean Throughput Mbps, Environment: home
0.0016 0.068258
0.0025 0.078359
0.0036 0.107888
0.0049 0.114545
0.0064 0.107932
0.0081 0.133974
0.0100 0.152082
0.0121 0.133086
0.0144 0.156378
0.0169 0.160125
0.0196 0.167374
0.0225 0.162291
0.0256 0.166551
0.0289 0.184998
0.0324 0.168926
0.0361 0.174175
0.0400 0.185966
0.0441 0.174536
0.0484 0.182832
0.0529 0.186428
0.0576 0.192572
0.0625 0.182543
0.0676 0.188406
0.0729 0.185056
0.0784 0.184428
0.0841 0.193084
0.0900 0.189641
0.0961 0.198153
0.1024 0.190825
