# AP density, Mean Throughput Mbps, Environment: home
0.0016 0.100329
0.0025 0.123105
0.0036 0.143087
0.0049 0.157079
0.0064 0.167931
0.0081 0.176083
0.0100 0.184928
0.0121 0.191710
0.0144 0.196252
0.0169 0.201550
0.0196 0.205665
0.0225 0.207979
0.0256 0.211605
0.0289 0.213759
0.0324 0.215558
0.0361 0.218187
0.0400 0.221202
0.0441 0.221878
0.0484 0.223739
0.0529 0.225235
0.0576 0.226835
0.0625 0.227458
0.0676 0.229115
0.0729 0.229894
0.0784 0.231506
0.0841 0.232043
0.0900 0.233843
0.0961 0.233521
0.1024 0.234476
